9 9
0 0 0 0 26 0 0 0 0 0 0 0 0 0 0 29 0 1R 0 0 0 0 0 0 0 0 0 5 L 0 0 0 0 0 0 0 0 0 0 X 1U 0 0 0 0 0 0 0 0 0 P 0 0 0 0 0 0 E 0 F 0 0 0 0 0 0 0 0 O 1I 1J 1N 0 0 0 0 1Y 0 23 0 0 
0 0 1N 0 0 0 25 0 4 0 1K 0 0 0 0 0 0 26 0 11 1E 0 1C 0 0 0 0 0 0 Q 1F 0 0 0 0 0 0 0 24 0 0 0 S 0 0 0 0 0 0 0 J 29 0 1X 0 6 0 0 0 0 0 0 0 0 D 16 0 0 0 0 0 R 0 0 Z 0 0 0 0 0 0 
0 0 0 0 0 0 0 0 0 0 0 16 0 0 0 9 0 0 1J 0 0 1H 0 24 0 21 L 0 13 0 0 C 1D 0 0 0 0 Q 0 0 0 0 0 0 1W 1A 0 0 0 T 0 0 0 0 0 0 0 0 0 Z 0 1Z 1C E 0 0 0 0 0 0 0 0 0 0 0 0 20 8 0 0 0 
0 0 0 0 1H 0 28 0 0 0 0 0 0 U 0 0 22 0 0 0 0 0 0 0 0 0 7 0 1A 0 0 0 0 1R 19 17 0 0 T 0 0 0 0 1E 0 0 0 0 1W 0 0 A 0 0 0 0 0 0 0 1M 0 0 0 23 0 0 0 1T 0 11 G 25 0 0 0 0 B P 0 0 0 
W 0 0 1G 0 0 0 0 0 0 0 0 0 1U 0 0 0 21 0 0 0 0 0 0 0 0 0 0 1H 0 0 0 0 G 12 0 C A 0 0 D J 0 0 0 3 0 0 1I 1S 0 0 0 0 0 0 0 0 0 0 0 0 1V 0 0 0 0 1R 7 0 0 1C 1F 0 0 0 22 0 0 0 0 
0 0 1C R 0 0 0 18 1A 0 0 0 0 0 0 0 0 Y 0 0 0 23 0 Z 0 0 0 0 1S 0 0 0 1O 0 0 0 P 0 0 0 E 0 0 0 0 21 0 0 0 0 0 0 0 0 0 L 0 25 1R 0 0 0 0 0 0 0 1D 0 X 0 0 0 1X 0 0 0 17 0 0 1L 0 
0 0 0 1W T 0 0 0 0 0 0 0 0 1I 0 0 0 B 0 J 0 0 0 0 1G 0 18 0 8 0 0 0 0 0 0 0 0 0 0 0 0 0 0 0 V 1Q 0 0 1M 0 0 2 0 0 0 0 0 0 0 0 0 0 0 0 0 14 W 0 0 0 0 0 0 0 0 0 0 0 0 0 F 
0 0 0 0 0 0 0 0 0 0 1A 0 0 0 0 0 7 20 0 0 X 0 0 0 0 13 K 0 F 14 0 0 0 0 0 0 0 1Z 0 0 0 0 1G 0 W 0 17 0 0 1K 0 0 1L 0 0 0 0 0 18 0 S 0 0 0 0 0 0 0 0 0 1P 0 0 0 0 1B E 0 0 0 0 
K 0 12 0 0 0 0 0 D 0 0 0 0 0 6 0 0 0 R 0 1N M 0 0 0 0 0 0 0 0 0 0 0 S 0 W 0 0 0 0 0 0 0 0 0 0 0 0 1Y 0 0 0 0 0 1X 0 0 0 0 0 0 0 0 0 1A 0 0 1K 0 0 0 0 0 0 0 18 0 0 0 0 0 
0 0 0 0 29 H I 0 0 0 0 0 0 K 27 0 N 0 0 0 17 J 0 0 0 6 0 0 0 0 O 0 0 0 0 0 0 0 0 0 0 0 14 0 0 0 T 0 0 0 0 0 0 0 P 0 0 0 0 W 0 0 0 0 0 0 0 0 0 0 18 0 0 M 0 23 0 0 19 1Y 0 
0 U 0 0 0 0 1J 0 0 18 0 2 0 0 0 0 0 0 0 1X 0 0 0 0 0 0 0 0 0 0 S 1Z 0 29 0 0 0 0 0 0 0 1D 25 6 0 0 0 0 0 0 9 0 0 0 0 0 C 0 0 0 0 0 20 0 0 1T 0 1H 0 0 Z 0 0 Y G 0 0 0 0 0 0 
0 0 2 1L 0 1 0 0 0 0 0 M 0 0 0 1M 0 0 E 0 0 0 26 0 1F 0 0 0 0 0 16 0 0 0 0 0 V 0 0 0 0 0 0 0 1S 0 0 23 B 0 0 0 0 0 0 0 0 1W 0 0 0 0 0 12 0 F 0 0 0 0 0 0 0 0 0 25 0 0 0 0 1Z 
0 0 0 0 V 0 1A 0 0 0 0 1X 0 0 0 11 0 0 0 0 0 0 0 0 13 0 0 0 0 1Q 0 G 0 0 1O 0 0 0 0 Z 0 0 0 26 0 0 0 1J 0 0 S 0 0 1 A 0 0 1F 0 0 0 0 0 0 0 0 1B 0 0 0 1U 0 0 0 0 0 0 0 0 0 0 
0 0 4 0 0 16 1Y 0 0 0 0 0 1L 0 0 0 0 0 0 0 8 0 1H 0 0 0 0 0 0 28 0 0 0 0 0 0 0 0 0 0 0 0 0 0 0 1B X 0 0 0 0 0 0 0 0 0 0 0 0 0 0 1M 1 0 0 0 0 0 0 0 3 6 0 0 0 R 0 0 7 0 9 
0 0 0 0 0 0 0 0 0 0 0 0 0 0 0 0 0 0 0 0 0 0 0 0 0 0 0 0 0 0 26 0 0 0 0 0 0 16 0 0 0 19 0 1G 0 0 0 0 0 0 1Z R 0 0 0 0 D 0 21 0 0 0 0 0 0 0 0 0 0 0 V 0 J 3 0 0 0 0 0 5 0 
0 0 18 23 1V 0 0 E 0 0 0 0 0 0 0 1Q 0 0 0 0 0 0 0 0 0 0 0 0 0 0 0 0 0 M D 0 0 0 O 0 0 0 0 0 0 L 0 0 0 0 0 H 0 0 0 0 0 0 0 0 0 0 0 0 0 0 0 7 10 0 8 0 P 16 0 0 0 17 0 0 0 
0 0 0 0 0 0 0 0 0 0 0 0 0 0 0 0 0 1Y 0 0 0 0 0 0 0 0 0 0 0 0 0 T 0 0 0 0 0 0 0 0 0 5 0 0 0 0 22 0 0 0 0 0 N 0 0 0 0 0 0 K 0 0 0 0 0 0 4 Y 0 0 0 0 0 1S 1B 0 0 0 0 X 0 
28 1B 0 0 0 3 0 0 0 0 0 0 L 0 0 0 5 0 0 0 0 0 0 0 0 19 0 0 0 0 0 0 0 0 0 0 0 0 0 0 0 0 0 1T 0 0 0 0 27 0 0 0 0 0 24 0 0 H 0 0 0 8 0 0 0 0 0 0 0 0 0 0 0 0 0 0 0 29 0 0 0 
J 0 0 0 10 0 0 0 0 0 0 C 0 0 0 0 0 1M 28 0 0 0 0 0 0 0 Z 1I 0 0 0 0 0 0 B 0 N 0 0 0 U 0 0 A 0 0 0 22 0 0 0 0 0 0 11 0 0 0 0 0 0 0 0 0 0 0 0 0 29 0 0 0 0 0 0 0 0 0 0 0 1O 
0 0 0 0 0 0 0 0 0 0 0 0 0 0 0 0 0 0 0 0 0 0 0 0 0 0 0 0 0 M 15 W 0 0 0 0 0 9 0 0 K 0 0 20 0 0 1U 0 0 1Q 0 0 0 0 0 1G 0 0 0 0 Q 0 0 0 0 0 1 0 0 H 4 0 0 0 0 0 0 0 0 I 0 
3 0 0 0 0 0 0 0 0 6 0 0 0 0 0 V 0 0 0 0 0 2 0 0 0 0 1S 0 0 0 0 0 0 9 1Z 0 0 0 14 0 0 0 0 0 10 1V 0 18 0 0 23 0 0 0 0 0 0 0 0 0 0 0 N 0 S 0 0 0 W 1L 0 0 0 0 0 0 1N 0 0 0 0 
0 0 0 0 H Q 0 0 0 0 0 0 0 0 0 M 1G 1W 0 0 0 I 0 0 0 N 0 0 0 0 0 0 0 C 0 0 1 0 0 0 0 8 0 0 0 0 1L 0 0 0 Z 5 0 0 T 0 1J 1P 0 0 0 0 0 1V 0 0 0 0 0 1O 0 0 0 0 1S 14 0 0 0 0 0 
0 0 P 0 27 0 0 0 0 0 0 0 4 0 0 0 0 0 0 0 0 0 19 0 0 0 0 0 0 0 0 0 0 0 1M 7 0 1A 3 0 0 0 0 0 0 0 0 0 0 0 0 0 1T 0 17 0 0 A 0 1W 1U 0 0 0 0 1D 0 0 0 0 0 0 1P 0 0 0 0 0 0 0 0 
0 0 0 7 0 0 0 0 0 0 0 0 0 0 1Q 0 0 0 0 0 0 0 0 S 0 0 4 0 0 22 0 P 0 0 0 21 0 0 0 0 0 0 0 0 0 8 0 1Y 0 0 24 0 0 0 0 U 0 1V 0 0 0 0 0 0 0 0 0 0 0 1X 0 0 0 0 0 0 0 0 0 1 0 
0 0 0 0 0 0 0 0 0 I 28 A B 0 0 0 10 0 0 0 M 0 0 0 0 0 0 0 0 0 0 0 0 0 0 0 0 0 0 0 0 1Y 0 0 0 0 0 E 0 0 0 0 0 0 0 23 0 0 7 1H 0 0 0 0 0 0 0 0 0 0 0 0 0 0 1I 0 1Q 0 0 0 0 
0 0 0 0 0 1C 0 0 0 0 Q 24 0 0 1L 0 0 0 B 0 0 0 0 0 1U 0 0 0 0 0 0 0 0 0 0 0 0 0 0 1T 0 0 0 0 0 0 0 0 P 1R 0 0 0 0 0 0 0 0 0 0 0 0 0 0 0 0 0 0 0 13 I 0 0 1K 0 0 0 0 0 0 0 
0 0 0 0 20 15 0 0 0 0 0 0 16 22 0 0 0 0 3 C 0 0 0 0 0 0 0 1L 0 0 0 0 0 0 0 0 S 0 1K 27 1C F 0 0 0 0 0 0 0 6 0 0 0 0 0 0 0 8 0 0 0 0 0 0 0 1B 1Z 0 0 V 0 K 0 0 0 1G 0 0 0 0 0 
0 0 1P 0 0 0 0 0 0 0 0 14 0 1H Z 0 0 0 0 0 0 0 0 0 28 0 0 0 0 H B 0 V 0 0 0 0 0 22 1W 0 0 0 0 0 1L 0 0 J 0 0 0 0 0 0 0 0 0 0 1O 0 1B 0 C 0 0 9 5 0 0 0 0 0 0 0 0 1D 0 N 0 0 
0 3 0 14 0 0 0 0 0 0 0 0 0 0 0 0 0 0 0 0 21 5 0 25 0 0 0 22 0 G 0 0 23 0 0 0 0 0 M 0 0 0 B 0 1O 0 0 0 0 0 0 0 0 V 0 1H 0 0 0 0 0 0 0 0 26 12 0 0 0 0 0 0 0 0 0 0 Z 0 0 0 0 
0 0 0 0 0 0 0 O 0 0 J 1R 0 0 0 0 0 11 0 0 0 0 0 0 0 0 W 1D 0 1X 0 0 0 0 0 0 0 Z 0 0 0 0 12 0 0 0 0 0 0 20 0 1B 0 0 0 0 V 0 0 0 0 21 0 0 0 0 0 0 0 0 0 0 1C 0 0 0 0 15 26 2 0 
8 0 0 0 0 0 0 0 0 1F 19 0 0 0 0 0 0 0 0 0 0 0 0 C O 17 0 0 0 0 E 1G 16 0 0 0 1H 0 0 0 0 0 4 0 0 0 0 0 0 0 0 1T 0 0 0 0 0 I 0 0 0 0 0 0 0 0 0 0 0 0 0 0 0 0 0 0 0 M 13 0 0 
0 0 1I 0 0 0 L 0 0 0 0 0 15 0 12 0 1C 0 0 0 0 0 0 0 0 0 0 0 0 0 0 24 Y 0 0 0 0 0 16 0 H 0 0 1B 0 0 0 C 0 1Z 0 14 0 N K 0 0 0 0 0 0 0 1U 10 E 1S 0 0 0 0 0 0 0 0 0 0 0 0 0 0 0 
0 0 0 0 0 0 V K 0 0 0 0 0 1T 0 0 0 0 0 0 0 1Z 0 0 0 0 0 1V 4 0 0 0 0 1 0 0 0 0 0 0 0 0 0 0 0 1W 0 0 1X 0 0 0 0 0 0 0 0 T 0 A 1I 0 0 1L 0 0 0 0 0 0 0 0 0 0 P 0 0 0 0 0 0 
0 0 0 0 0 0 0 22 0 H 0 0 0 0 1J 0 T 0 0 1C 0 0 0 0 0 0 0 0 0 1F F 0 0 0 0 0 0 0 0 0 6 0 0 1 0 0 0 0 0 0 1N 3 0 0 0 0 0 0 0 0 1P 0 0 0 0 0 M 0 0 14 0 0 W 0 0 0 0 0 0 17 1B 
0 F 1U 0 0 0 0 0 0 0 0 0 0 0 0 0 0 0 0 9 0 N 0 0 0 0 0 0 Z 0 0 0 0 0 0 0 0 0 0 0 0 0 0 15 0 0 0 0 0 P 17 0 0 0 U 0 0 0 0 0 1E 0 0 0 0 0 20 0 0 0 22 8 0 0 0 0 4 0 0 0 0 
0 0 0 0 0 7 4 0 0 O 0 23 0 0 0 0 0 0 1U 0 0 0 0 1I 0 0 1E 0 0 0 0 0 0 K 0 1J 0 0 0 R F 0 0 0 0 0 1A 0 5 0 0 0 0 0 0 G 0 0 0 0 0 0 0 0 1F 0 0 0 0 0 0 0 B 0 0 0 0 1H 0 0 0 
0 0 8 0 0 0 O 0 0 0 0 0 0 24 0 Q 0 22 0 I 0 0 0 0 0 15 1I 0 0 0 0 0 0 17 0 0 0 0 0 0 0 0 0 0 16 0 1V 0 0 F 0 0 0 0 0 0 0 0 0 25 0 0 0 6 0 0 0 0 0 1Z 0 0 0 0 0 0 0 0 0 0 0 
Q 1I 0 0 0 E 0 12 0 0 0 0 P 0 26 0 0 0 0 0 0 0 0 0 0 V 0 0 0 0 0 0 0 0 0 0 0 0 0 1D 0 0 23 0 0 0 21 0 0 0 L 0 0 Z 1N 0 20 0 0 0 0 0 0 1W 0 0 0 0 0 0 0 0 0 X 0 0 0 0 0 0 0 
0 0 0 0 1B 0 0 0 0 0 0 0 0 0 0 0 0 0 0 0 0 0 0 1V 0 0 0 0 0 0 0 0 J 0 0 0 0 B 1G 0 0 0 1S 0 0 0 E 0 0 0 0 0 0 1L 0 0 14 0 0 0 0 0 0 1K 0 0 0 0 0 0 0 0 0 0 0 0 0 0 1Z 0 0 
0 Y 0 0 14 0 26 0 V 0 0 0 0 G 19 0 0 0 0 0 0 0 0 0 0 0 1G 1P 1X 0 0 0 0 0 0 E 0 0 0 0 25 0 0 0 0 0 0 0 0 0 0 0 27 0 0 0 0 1U 1Z 0 0 24 O 0 0 1Q 1C 0 0 0 0 0 0 20 0 0 0 0 0 0 0 
0 0 0 0 1 0 0 0 0 0 0 0 0 0 9 0 0 29 0 0 0 0 0 7 0 0 1B 0 0 0 0 0 0 1U 0 0 0 15 0 0 0 0 0 0 0 0 0 0 0 0 0 0 0 0 0 0 0 0 0 0 0 0 0 Q 0 0 G 0 I 0 0 0 0 0 1J 0 0 0 0 0 0 
0 0 0 1Y 1N 1U 0 0 0 0 0 0 U 0 0 0 0 0 0 0 0 0 0 0 0 0 J 0 0 0 0 5 0 0 0 18 8 0 0 0 C 0 0 0 0 O 0 0 0 0 0 0 0 0 0 0 0 0 0 0 0 12 0 0 0 0 0 F 0 0 0 1P 0 15 1X 0 1W 0 0 0 0 
0 0 0 0 0 0 0 0 C 1M 1U 0 0 0 H 0 0 0 0 0 0 0 0 0 0 0 0 12 0 P 0 1F 0 1L 0 0 0 0 1T 22 0 1R 0 0 F 0 0 0 0 0 0 0 0 0 B 1B 0 0 0 J 0 0 3 0 0 0 0 0 0 0 0 0 0 0 10 0 0 0 0 0 0 
0 0 0 0 0 0 0 0 0 0 R 1Z 0 0 0 0 0 0 24 0 0 0 0 M 1L 0 0 0 0 9 0 0 N 0 0 0 0 0 0 0 0 0 0 0 27 0 0 0 0 1E 0 10 0 0 0 0 0 0 1A 0 0 0 0 0 0 0 0 0 0 0 1F 0 8 0 0 0 0 1D 0 0 0 
0 0 17 0 0 0 0 0 0 0 1H 0 0 0 5 0 0 0 0 0 0 0 0 0 0 0 0 0 0 0 0 0 0 0 H 0 13 0 0 0 0 0 0 0 0 26 0 0 0 0 0 0 0 0 0 1I 0 0 0 0 0 0 0 0 0 J 0 0 0 19 7 0 0 0 0 1Q 0 27 1Y 0 0 
0 0 0 0 0 D 0 14 0 0 0 P 1W 0 1T 0 0 0 0 H 0 F 0 0 0 0 0 0 0 0 0 1X 28 0 0 1C 0 0 0 0 0 0 0 0 0 0 0 0 0 0 0 0 U 0 0 0 0 0 0 V 0 0 0 0 0 0 0 0 0 0 0 19 0 0 0 0 0 B 0 0 0 
0 0 1 E B 0 0 0 F 0 0 0 0 0 0 5 0 0 13 0 0 0 0 0 0 0 0 0 1V 0 0 0 0 U 23 3 0 0 0 0 0 0 0 0 0 0 0 V 24 0 0 0 H 0 0 0 0 0 0 0 0 29 0 0 0 0 0 12 2 0 0 0 1L 0 0 27 0 0 0 0 0 
0 0 H 0 0 0 0 0 0 0 0 1U 21 X O 0 0 0 U 0 19 0 0 0 0 0 0 0 0 0 29 0 0 0 0 0 0 0 0 0 0 22 0 0 0 0 0 P 0 0 1G 0 0 0 0 0 0 0 0 0 3 0 0 24 F 0 1E 0 0 0 1C 0 0 Z 0 0 N 0 0 0 0 
0 0 N 0 I O 1Q 0 W 0 0 0 K 0 0 18 0 0 1K 0 0 1D 0 0 0 0 0 Q 0 0 0 0 0 0 5 0 0 0 0 0 0 0 0 1X 0 0 11 0 0 0 0 0 0 0 0 1J 0 1A 14 0 0 0 0 0 7 0 0 L 0 0 0 29 0 0 2 0 0 0 0 0 0 
C 0 0 0 0 0 1K 0 1R 0 0 0 0 0 0 0 0 0 N 0 0 10 0 1W 0 0 0 B 0 0 0 0 L 0 0 0 0 0 S 0 0 0 0 0 1U 22 18 0 0 Q 0 0 0 0 0 0 0 0 T 0 8 0 0 0 0 0 0 0 27 0 0 0 0 0 0 0 0 0 0 1D 14 
0 1N 0 0 0 0 0 10 1F 0 0 0 0 14 0 0 0 4 0 0 29 0 0 0 1Q 24 0 0 0 0 0 A E 0 0 0 0 R 1S 0 0 0 0 0 0 0 0 0 0 0 0 0 12 X 0 1R 0 0 0 0 0 0 0 0 0 0 0 1X 0 21 0 0 0 0 0 W 1P 0 0 0 0 
0 0 26 0 0 1O 0 0 1C 1V 0 Z 0 11 0 0 E 0 0 0 1U P 27 0 1X T 0 0 0 0 0 0 0 0 0 0 0 I 0 0 0 0 0 0 20 0 0 0 0 0 0 0 Y 0 0 0 4 0 0 0 0 0 0 0 0 0 0 13 16 0 0 0 0 0 0 G 0 0 S U 0 
0 20 X 0 0 0 0 0 0 0 0 0 7 0 0 0 1Z 0 0 0 0 0 0 0 0 0 0 0 0 0 0 0 0 0 0 0 1N 0 0 0 1M 0 0 0 23 0 0 0 0 13 0 0 0 0 0 0 0 0 0 0 0 0 0 0 0 D 0 0 0 0 0 0 0 12 0 0 1C 0 1H 0 0 
0 0 0 0 0 0 0 0 0 0 0 0 0 0 B 23 0 0 0 0 0 0 0 0 1B I 0 Y 0 0 0 0 0 0 0 0 0 O 0 K 1O 7 0 0 0 0 0 0 0 0 0 0 0 0 0 0 0 0 0 0 1Z 1T 0 0 0 0 0 0 0 1N 1I 28 0 0 0 0 0 0 9 0 0 
0 0 0 0 0 X 0 0 6 0 0 0 0 1N 0 0 0 0 0 0 0 0 12 8 0 A 0 0 0 0 0 0 0 1Y 0 0 0 0 0 0 Y 4 0 H 1E I 0 0 0 0 0 0 0 0 0 0 1V 9 E 0 0 13 0 0 0 0 0 0 0 1W 23 0 0 0 0 0 0 0 0 0 0 
0 0 0 0 0 0 0 0 1 24 0 0 0 0 0 0 S 0 L 0 0 0 0 0 0 0 0 1X 0 0 0 0 0 0 0 1H 0 0 0 0 0 0 0 0 0 0 0 0 0 0 1I 0 14 0 0 1N 19 0 0 0 0 0 0 0 T 0 0 0 0 0 0 0 0 0 0 0 0 0 0 0 0 
0 0 0 0 0 0 0 0 0 T 0 21 0 0 0 0 0 0 0 0 0 0 0 0 0 0 1N 0 0 0 0 0 0 0 0 10 0 1O 0 0 0 0 0 0 0 29 1W 0 0 0 15 0 0 0 0 0 0 0 0 0 0 0 0 0 0 1R 0 V 0 25 0 Z 0 0 0 9 0 0 0 0 0 
0 0 0 0 0 0 0 0 0 0 C 0 O 0 0 0 19 0 0 20 0 0 0 0 0 0 0 0 22 0 0 0 14 0 0 0 0 0 0 0 0 0 0 1J 0 0 0 0 E 0 13 0 0 D 0 0 0 U 0 0 0 0 0 0 0 0 0 0 0 0 0 0 0 0 Q 6 0 0 0 0 0 
0 0 0 0 0 N 0 0 0 J 0 0 0 0 0 0 0 0 0 0 0 14 0 0 0 0 0 0 0 0 0 0 0 3 0 0 0 0 0 0 0 0 0 0 0 0 1H 0 0 0 0 0 0 0 0 0 0 0 0 10 0 0 H 4 27 0 0 0 0 0 0 0 C 0 0 0 0 0 0 0 0 
17 0 22 0 0 0 0 1N 0 0 0 0 0 0 0 0 0 Q K 0 0 0 0 0 0 0 0 0 0 X 0 0 0 0 1V 0 0 0 Z T 0 0 0 0 0 0 0 0 0 0 1O 0 6 0 0 0 P 11 J 0 0 0 0 0 0 0 0 1F 0 0 0 9 0 0 0 0 0 0 0 F 27 
0 1W 29 1T 0 0 T A 0 0 0 0 0 0 1Z 0 0 0 1 4 1K 0 0 0 0 0 0 0 G 1R 0 0 0 0 0 0 1X 0 0 0 26 0 0 0 0 10 S 0 0 0 0 0 0 0 0 0 0 0 0 0 0 0 B 0 0 0 13 0 0 J 0 0 0 0 0 0 0 0 0 0 0 
0 0 0 2 0 0 8 0 0 A 0 0 0 28 0 0 1X U 0 0 0 0 0 0 0 0 0 0 0 0 5 0 0 0 0 24 E 0 27 0 0 0 0 0 0 1 1B 0 0 0 0 0 0 1E 22 0 0 0 0 0 0 0 K 0 0 0 0 0 0 0 0 0 0 0 0 0 0 Z V 0 0 
0 0 1V 0 18 0 24 0 S 0 0 0 1O 0 0 0 17 0 J 0 1A 0 F 0 0 0 23 0 0 0 0 0 0 1Z 0 4 0 0 0 0 0 0 0 0 0 0 0 0 1D 0 0 0 5 0 0 0 0 1Y 0 0 X 0 W 0 0 0 0 0 0 0 0 0 0 11 0 0 0 0 0 0 O 
0 0 0 J 1L 0 0 N 0 0 0 0 0 29 0 0 0 0 0 0 0 0 0 2 C 0 0 0 5 0 0 0 0 T 0 0 21 1K 0 0 1V 1Z 0 0 0 X 0 20 1U 0 M 0 0 0 0 0 0 1O 0 0 0 0 0 0 1G 0 0 0 U 0 0 26 0 1F 25 0 0 0 0 0 0 
1P I 0 0 0 0 0 0 0 0 0 0 0 0 0 0 1 0 0 0 0 0 0 0 0 0 0 0 A 0 P 0 1B 0 0 0 0 0 17 0 0 0 0 E 1F 0 0 1X 0 C 0 0 22 0 14 0 0 29 1C 0 0 0 0 0 0 0 0 K T 0 0 0 0 0 0 0 0 0 0 0 0 
0 0 0 D 0 0 0 0 0 1Z 0 0 0 B 0 6 H 0 0 0 1M 0 0 0 0 18 O 0 0 0 8 E 0 0 0 L 0 0 0 0 0 0 T U 2 0 0 0 0 0 0 28 0 0 0 0 0 0 0 0 0 0 0 0 0 0 0 0 0 0 0 0 0 S 0 0 0 0 0 0 0 
0 0 0 5 0 0 0 7 0 M 0 0 0 23 0 0 0 1O 15 0 0 0 0 0 0 0 0 0 0 0 0 0 1U 1J 0 0 0 0 0 B 0 0 0 Z 0 0 0 0 0 0 29 0 0 0 0 0 0 0 0 0 0 0 0 0 R 0 N 0 0 0 0 13 14 0 19 0 0 0 0 0 1Q 
0 0 0 O S 0 14 0 0 0 0 0 1C 0 0 1A 0 0 0 0 0 0 1F 0 0 0 1V 0 0 0 0 0 0 0 0 0 0 0 N 0 0 0 1Y 0 0 0 0 0 0 0 0 0 11 0 0 0 0 0 0 1Q 0 1H 0 1S 0 0 2 0 0 0 1Z 0 0 0 27 0 1X 0 0 0 0 
0 0 0 0 0 0 1I 0 1X 0 0 0 0 0 0 0 0 0 0 0 0 0 0 0 Q 0 0 0 21 K D V 0 0 0 0 1Q 11 0 0 0 0 0 0 0 0 0 0 0 0 0 0 0 0 0 0 0 O 0 0 0 0 0 16 1U 0 0 0 5 0 0 0 0 W 0 0 0 0 C 9 0 
0 0 0 0 1Q 0 M 0 0 0 1W 0 0 1Y 0 0 J 0 0 0 0 0 0 0 0 Z 0 0 2 0 0 3 0 0 N 0 0 0 0 0 0 0 0 0 0 25 0 0 0 0 0 0 0 0 0 0 0 0 16 0 0 1E 0 0 1 0 1X 0 0 0 0 0 0 0 1D 0 0 0 10 0 0 
0 0 0 0 0 0 0 1W U 0 1D 0 0 0 0 0 0 0 11 0 0 0 0 0 0 0 0 0 0 0 0 0 0 Y 0 0 0 0 0 0 0 0 0 0 0 J 0 0 0 0 0 0 0 1M 0 0 0 D 0 0 0 0 0 Z 1H 1V 0 0 0 0 0 14 0 0 0 0 1U 0 0 0 0 
0 0 0 0 0 0 0 0 0 0 0 0 0 0 F 0 0 0 0 0 0 0 0 0 0 4 0 13 0 0 0 0 0 0 M O 0 0 0 0 0 0 20 0 0 0 0 0 0 0 0 0 0 0 0 0 J 0 0 L 1M 1 0 1D 0 3 0 17 0 I 0 0 16 D 1L 0 0 0 0 0 G 
0 0 0 0 0 0 0 0 27 13 0 0 X 0 0 0 0 0 0 0 0 0 0 0 G 29 0 1R 0 0 0 0 10 0 0 0 0 0 0 0 1H 0 0 0 0 0 0 0 0 0 0 0 0 0 0 0 0 0 0 0 0 0 U 1B 0 0 21 0 0 0 1E I 0 0 0 0 0 0 0 0 0 
0 0 0 1Z Y 0 0 Z 0 0 0 0 0 1E 0 0 0 0 0 0 0 0 0 20 0 0 0 1Q 0 1P 25 0 1V 0 0 G 1F 0 1L 10 0 0 0 0 1M 0 0 0 28 0 0 0 0 0 0 0 0 0 0 0 0 9 1W 0 0 0 0 1N 0 0 1G 0 0 0 0 0 0 0 1O 0 0 
U 0 0 15 23 0 0 0 0 0 0 0 0 0 0 0 0 0 T 16 0 0 0 0 0 0 0 0 0 0 0 0 0 0 0 0 0 0 1Z 0 0 1C 0 0 0 0 0 25 0 1B 0 0 0 11 0 0 0 0 0 Q 0 0 0 0 0 0 R 0 0 0 0 0 0 0 0 0 0 1G 0 0 0 
11 0 0 0 0 0 0 0 0 0 I 0 0 0 0 7 0 0 0 0 0 9 0 0 0 1I V 0 0 0 0 23 0 0 0 0 0 0 0 12 0 0 0 0 0 0 1D 0 G 0 0 22 0 0 0 0 0 0 0 0 0 0 0 0 0 0 0 1M 4 0 0 0 0 0 0 1 0 0 0 0 0 
0 0 19 0 0 0 0 0 0 0 4 0 0 0 3 0 0 0 0 0 1Q E 1M 0 0 0 0 0 0 0 0 0 0 0 0 0 1P 0 0 0 0 0 1A 0 0 0 0 U 0 0 0 0 0 0 0 0 0 0 M 0 0 26 1F 0 0 0 0 0 0 0 F 1V 0 0 0 0 0 0 20 0 0 
0 0 0 P 0 0 0 0 0 S 0 1K 0 0 0 0 0 0 1Y 1W 0 0 0 0 0 0 0 15 0 0 I 0 0 0 0 0 0 0 0 4 0 0 0 Y 0 0 10 2 0 0 0 0 0 0 Z 0 0 1L 0 0 0 H 1E 0 0 0 L 0 0 0 0 0 0 0 0 0 0 0 0 1T 0 
1Q L 0 0 0 0 0 0 0 0 0 0 0 0 0 C 0 0 0 0 0 0 0 0 0 0 H 0 0 0 0 0 0 0 W 0 0 0 0 1V 0 0 21 0 0 0 0 0 0 0 27 0 0 0 0 12 0 0 0 0 0 0 25 0 0 0 0 0 0 0 0 T 0 1M 0 0 1K 0 O 0 0 
0 0 0 0 1W 0 0 1J 0 0 D 0 0 0 0 0 0 0 0 0 0 0 0 0 0 0 0 0 0 0 1H 0 19 0 1D 0 0 0 0 28 13 0 0 B 0 0 0 N 0 1M 0 1U 0 0 0 0 2 1Q O 0 L K 14 0 0 0 0 0 S Q 0 0 0 V 15 C 0 I 0 0 0 
0 0 0 0 0 0 0 0 16 0 0 0 0 0 0 0 0 0 Z 0 0 0 0 0 26 0 0 0 0 0 0 0 0 11 0 0 9 0 6 0 0 0 0 0 0 1N 0 0 1J 21 0 0 S 0 0 0 0 0 24 18 0 0 0 0 0 0 0 0 0 0 0 0 E 0 0 0 0 2 0 0 0 
